99,64
99,35
99,34
99,33
99,32
99,31
99,30
99,29
99,28
99,27
99,26
99,25
99,24
99,23
99,22
99,21
99,20
99,19
99,18
99,17
99,16
99,15
99,14
99,13
99,12
99,11
99,10
99,9
99,8
99,7
99,6
99,5
99,4
99,3
99,2
99,1
99,0
92,3
92,2
92,1
92,0
91,3
91,2
91,1
91,0
90,3
90,2
90,1
90,0
89,3
89,2
89,1
89,0
88,3
88,2
88,1
88,0
87,3
87,2
87,1
74,3
3,2
3,1
3,3
10,132
10,26
10,202
10,200
10,148
10,6
11,10
11,22
11,26
11,14
11,20
9,3
8,6
8,12
8,17
8,5
8,2
8,3
0,403
12,2
12,1
12,3
74,1
16,3
16,2
16,1
14,4
14,2
13,2
11,29
11,27
11,25
11,24
11,23
11,19
11,18
11,12
11,8
11,5
11,4
11,3
11,2
11,1
10,292
10,291
10,285
10,268
10,261
10,260
10,211
10,180
10,170
10,165
20,2
20,1
20,3
19,2
19,1
